606 691
606 691
602 692
590 696
584 701
588 721
603 738
608 745
619 756
626 767
628 778
625 788
619 793
601 794
584 792
581 785
583 773
587 760
594 749
601 743
609 737
618 732
623 725
625 716
625 706
621 700
613 695
649 735
652 732
663 719
670 706
673 693
673 689
673 690
669 709
669 728
672 746
674 757
674 768
672 781
672 784
672 784
655 795
654 795
665 791
678 791
688 792
688 792
688 792
727 684
723 691
717 705
712 712
710 716
704 687
702 686
704 690
709 696
710 696
710 693
710 693
698 690
698 693
701 696
707 694
706 694
728 699
724 702
725 705
736 713
739 712
739 709
739 707
737 707
735 706
729 707
728 711
731 711
738 707
735 703
728 699
723 707
727 711
225 280
240 280
284 286
325 291
327 291
327 291
495 600
