545 815
545 815
551 823
560 837
574 852
586 860
601 865
624 866
644 866
663 861
685 853
710 845
718 840
721 837
722 836
722 836
586 756
585 756
585 756
585 763
595 768
606 769
616 768
620 762
622 756
622 751
618 746
607 743
593 743
586 742
584 745
581 748
672 747
670 746
660 748
652 754
648 765
656 776
670 782
685 783
697 779
702 771
702 763
697 753
692 747
685 744
676 742
673 742
633 775
633 775
633 775
633 776
633 782
629 794
621 808
616 816
614 821
621 825
634 826
636 826
636 826
637 826
652 687
652 687
667 670
696 658
707 657
677 685
677 685
679 683
689 676
714 665
736 662
643 681
642 681
650 669
662 656
662 655
623 681
625 677
637 662
642 657
643 657
600 687
603 679
620 661
629 654
584 684
589 676
604 659
611 653
696 691
717 681
743 677
745 677
725 697
737 693
751 691
764 691
743 709
744 709
758 709
789 723
829 744
614 917
