617 754
619 751
627 748
634 747
642 752
644 759
645 767
635 771
619 773
598 768
593 759
591 744
597 730
603 724
613 721
623 719
639 720
654 724
665 730
677 739
679 747
674 760
668 770
656 783
642 792
628 796
609 796
600 792
584 779
572 767
570 753
569 736
575 725
586 714
593 709
613 703
637 697
678 695
704 699
706 705
708 722
709 749
709 760
711 774
721 782
736 785
751 789
749 791
743 790
596 797
596 797
596 797
586 798
571 800
552 802
543 804
536 808
539 809
555 812
577 813
607 815
648 816
679 816
712 815
747 816
763 817
771 819
777 819
780 815
778 809
773 800
764 790
759 784
766 784
773 788
776 776
785 765
808 751
816 752
815 752
496 599
