528 789
519 795
515 800
515 804
521 808
526 809
531 809
535 808
539 806
547 804
551 803
556 803
558 807
555 813
552 818
553 824
560 828
567 827
574 824
577 822
579 816
579 814
579 810
577 805
577 799
578 792
582 789
586 789
589 788
590 792
592 798
592 802
593 806
599 809
607 809
608 809
613 804
616 801
623 798
627 798
627 799
629 805
630 811
629 815
625 820
623 825
616 829
612 834
608 836
604 838
601 841
600 843
602 848
608 853
616 854
623 851
631 848
639 846
648 844
658 845
662 846
664 849
666 853
666 856
663 862
657 866
652 869
643 871
638 872
629 872
622 872
616 872
605 871
601 872
599 873
598 876
598 879
600 883
603 886
607 887
611 887
618 885
623 884
629 883
642 887
651 890
650 892
648 894
647 897
642 901
638 904
631 907
618 910
610 911
599 911
586 910
582 908
576 903
576 896
576 888
577 881
581 873
582 867
580 862
578 858
